Motif	Num	Protection_Score_E14F_chr25	Protection_Score_wingE_chr25	TC_E14F_chr25	TC_wingE_chr25	TF_Activity	Z_score	P_values
MA0442.2.SOX10	17	0.5327593	0.53650534	0.47952172	0.6072026	0.13142690062522888	0.2606355335431744	0.7943735846933557
MA0686.1.SPDEF	6	1.0674379	0.59909683	3.0304966	2.6648521	-0.8339855074882507	-0.5340034966082513	0.593339114902139
MA0506.1.NRF1	60	1.1160308	0.7197567	1.7618281	1.2552344	-0.9028677940368652	-0.5907010829636667	0.5547207222155324
MA0501.1.MAF::NFE2	7	-0.33140323	-0.048712444	0.5760807	0.40473104	0.11134113743901253	0.24410277381892811	0.8071512243235237
MA0774.1.MEIS2	10	-2.2175047	-1.9441764	2.141015	1.719274	-0.14841270446777344	0.030297213339066754	0.9758300189873693
MA0795.1.SMAD3	1	0.0075836144	-0.24837773	0.048671305	0.42516303	0.1205303855240345	0.2516665207987001	0.8012988367480718
MA1549.1.POU6F1(var.2)	8	0.13301596	0.3134495	0.185406	0.34744063	0.34246817231178284	0.4343453699255697	0.6640376621277293
MA1143.1.FOSL1::JUND(var.2)	2	0.29146385	0.44087324	2.1884675	1.5757947	-0.4632634222507477	-0.22885904663737838	0.8189784718541782
MA0884.1.DUXA	1	0.11075836	0.24134521	0.11638888	0.22599815	0.2401961237192154	0.35016439107943453	0.7262153288671247
MA0092.1.Hand1::Tcf3	5	1.2164565	1.0072154	1.143601	0.9192579	-0.43358421325683594	-0.20442984140614495	0.8380176124822498
MA0691.1.TFAP4	8	-1.7828065	-1.0660377	2.4658437	2.106994	0.3579190969467163	0.44706315526130896	0.6548294608756033
MA0139.1.CTCF	45	1.3833439	1.1849318	1.6134516	1.6015506	-0.21031320095062256	-0.020653603200719302	0.9835219803979683
MA0052.4.MEF2A	8	0.80596346	1.2008538	0.68858355	1.0966123	0.8029191493988037	0.813346421486218	0.4160194687393014
MA0620.3.MITF	14	1.6300559	1.0096242	1.4175774	1.6277304	-0.41027867794036865	-0.18524686030356471	0.8530354158769566
MA0003.4.TFAP2A	25	-0.36741173	0.1096861	0.9939982	0.8614108	0.34451039880514145	0.4360263436383514	0.662817616322386
MA0517.1.STAT1::STAT2	14	0.90530574	0.66234416	0.8975617	0.7111951	-0.42932820320129395	-0.20092668392191562	0.8407559024278222
MA0462.2.BATF::JUN	11	-0.5285833	-1.370173	0.6685335	0.9301128	-0.5800104141235352	-0.32495447240073083	0.7452155290412705
MA0508.3.PRDM1	12	1.204052	0.9429796	0.80550784	0.71084964	-0.3557305932044983	-0.14034787538598667	0.8883851395330994
MA0738.1.HIC2	12	0.26309198	0.591899	0.50348884	0.66182876	0.48714691400527954	0.5534316526547378	0.5799678696360462
MA0770.1.HSF2	1	-0.15699902	-0.48622903	0.08339548	0.5848102	0.17218470573425293	0.29418362392480196	0.7686175934884263
MA1114.1.PBX3	5	2.1076674	0.8574403	3.638452	2.8506117	-2.0380675196647644	-1.525093474671029	0.12723578455947618
MA0846.1.FOXC2	2	0.77393186	0.9807511	0.48637113	0.85427356	0.5747216641902924	0.6255151622180332	0.5316330002737333
MA1587.1.ZNF135	26	0.15020302	0.51450837	1.5921919	1.5406538	0.31276723742485046	0.4098982819300233	0.6818805657460716
MA1633.1.BACH1	13	-0.55768836	-0.8038224	0.5421046	0.84290063	0.05466198921203613	0.19744969271247598	0.8434756457832955
MA0909.2.HOXD13	14	0.76851535	0.6435808	0.84890604	0.9965386	0.02269798517227173	0.17113985356347572	0.864113799500641
MA0714.1.PITX3	3	1.2187686	0.7131996	0.8329052	1.1238854	-0.21458876132965088	-0.024172852719776202	0.980714732192449
MA0101.1.REL	24	-0.98369765	-0.6168331	1.0012711	0.77201635	0.13760977983474731	0.2657247131490135	0.7904512290834311
MA0736.1.GLIS2	26	-0.027662754	0.33022463	0.90847254	0.85559624	0.3050110936164856	0.4035141350703016	0.6865700383467109
MA0802.1.TBR1	7	1.2739012	0.3210348	1.0899523	0.706709	-1.3361097574234009	-0.9473061677057605	0.3434827888919171
MA1101.2.BACH2	5	-0.079115815	-0.83833957	1.2942834	1.5261519	-0.527355246245861	-0.2816135631860472	0.778239839051955
MA0469.3.E2F3	4	-0.73450947	0.4015131	2.4153478	1.932301	0.6529757976531982	0.6899267941772884	0.49024022496757313
MA0657.1.KLF13	26	1.184499	1.575171	2.2846453	2.739807	0.8458335399627686	0.8486696153986792	0.3960651580186254
MA1133.1.JUN::JUNB(var.2)	2	-1.4962733	-1.1705564	2.2226484	2.0298765	0.13294494152069092	0.26188504570477733	0.7934100691685249
MA0898.1.Hmx3	1	0.22878805	0.6028516	0.23194735	0.5371903	0.6793065518140793	0.711599858220918	0.4767125948639088
MA0613.1.FOXG1	2	-1.4410164	0.22027567	1.5484883	0.48607406	0.5988779067993164	0.6453983676104804	0.5186690609909673
MA1529.1.NHLH2	20	-0.9610313	-0.6020448	1.3390036	1.1015865	0.12156939506530762	0.25252173824489876	0.8006378137359231
MA0633.1.Twist2	6	1.0253589	1.8874025	0.5427453	1.0560015	1.375299870967865	1.2844777821798423	0.19897483262793092
MA1527.1.NFIC(var.2)	16	1.3935791	0.77357936	1.347793	1.0268781	-0.9409146308898926	-0.6220177526927193	0.5339301947790654
MA1601.1.ZNF75D	17	1.0958166	1.1734183	0.7878949	1.1258879	0.4155946373939514	0.49453637514047893	0.6209274235895956
MA1635.1.BHLHE22(var.2)	12	-0.42881387	-0.8413718	0.54454255	0.9119968	-0.04510366916656494	0.11533174462093737	0.9081821776681367
MA0697.1.ZIC3	45	0.6224456	0.6070966	1.4006035	1.3216926	-0.09425991773605347	0.07487082516220457	0.9403174895329233
MA1542.1.OSR1	2	0.165357	0.52594256	0.28358296	0.66181594	0.7388185560703278	0.7605846868258908	0.4469051690178626
MA0624.1.NFATC1	3	0.02195248	0.068236575	0.381256	0.45828226	0.12331034243106842	0.2539547265871309	0.7995305345972855
MA0785.1.POU2F1	4	0.16306435	0.23004526	0.258897	0.49305794	0.3011418431997299	0.4003293226805459	0.6889139733395584
MA1145.1.FOSL2::JUND(var.2)	16	2.3888755	1.9086537	1.8134851	1.6141186	-0.6795883178710938	-0.4069178780846267	0.6840683046991791
MA0625.1.NFATC3	1	-0.2869389	0.04089263	0.41923392	0.36105713	0.2696547508239746	0.3744120335122286	0.7080977915069065
MA0047.3.FOXA2	4	1.428786	1.0533043	1.2354075	0.8888499	-0.7220392823219299	-0.44185962208616014	0.6585907909221582
MA0606.1.NFAT5	3	0.2870043	0.18145771	0.9016478	0.6866307	-0.3205636590719223	-0.11140167768057616	0.9112978297467971
MA1508.1.IKZF1	22	0.9662577	0.9643991	0.89900875	0.7628289	-0.13803845643997192	0.03883634368593248	0.9690208686096408
MA0520.1.Stat6	5	0.2621417	0.3696877	0.3890876	0.6647195	0.3831779360771179	0.4678539170752734	0.6398890602622596
MA0036.3.GATA2	7	1.591192	0.4084842	2.6515005	0.86169904	-2.9725092351436615	-2.294240268601507	0.021776701446095968
MA0050.2.IRF1	20	0.9889499	1.037411	0.8254925	0.7362334	-0.04079800844192505	0.1188757699862989	0.905373778370147
MA1639.1.MEIS1(var.2)	3	-0.21496333	0.09942429	0.371974	0.48807612	0.43048974871635437	0.5067966658885139	0.6122974959766256
MA1116.1.RBPJ	16	0.5116865	0.8092854	0.6628264	0.77946603	0.41423851251602173	0.49342013740756224	0.6217157565126772
MA1466.1.ATF6	18	0.5512069	1.0305413	1.4310468	1.4018719	0.45015949010849	0.5229869945934447	0.6009833036813002
MA0661.1.MEOX1	6	0.13791044	0.1471114	0.22520742	0.2955354	0.07952892780303955	0.21791787791366238	0.8274930973160486
MA1537.1.NR2F1(var.2)	4	-0.23865817	-0.71813685	0.1694999	0.371079	-0.2778995782136917	-0.07628451578109777	0.9391927445620091
MA1506.1.HOXD10	1	0.55196184	0.25394315	0.9045652	1.0230299	-0.17955398559570312	0.004664564302032458	0.9962782296570202
MA1475.1.CREB3L4(var.2)	6	-0.37651363	0.14189878	2.3166735	1.36076	-0.43750113248825073	-0.2076538903960633	0.8354992229384782
MA0817.1.BHLHE23	5	0.38243794	0.11733864	0.639315	0.41042224	-0.49399207532405853	-0.2541520580704416	0.7993780868260297
MA0912.2.HOXD3	1	0.117473505	0.37665212	0.05636385	0.2903036	0.4931183531880379	0.5583467942055573	0.5766075970738619
MA1528.1.NFIX(var.2)	6	0.40051135	0.36018443	0.27232057	0.306996	-0.005651503801345825	0.14780515200592542	0.8824965432886339
MA0740.1.KLF14	82	0.64943624	1.199834	1.9751879	2.3519666	0.9271764755249023	0.9156236662079847	0.35986431412504416
MA1485.1.FERD3L	14	1.4755222	1.2847686	1.9313874	1.3261657	-0.7959753274917603	-0.5027169994445003	0.6151632561088922
MA0864.2.E2F2	4	4.5204678	3.7810075	4.486578	4.411577	-0.8144609928131104	-0.5179327052291051	0.6045052223076928
MA0039.4.KLF4	179	1.195859	1.2275048	1.6333066	1.51946	-0.08220076560974121	0.0847968141691481	0.9324229263442265
MA0006.1.Ahr::Arnt	50	0.06432931	0.14253315	1.4862584	1.6263629	0.21830837428569794	0.33214840139888413	0.7397772036768352
MA1524.1.MSGN1	5	0.13477927	-0.06535539	0.3560683	0.22733726	-0.328865721821785	-0.11823517498842481	0.9058813198082982
MA0504.1.NR2C2	19	1.5462956	1.9136584	1.4734535	1.7808764	0.6747856140136719	0.7078786364933966	0.4790206275188681
MA1570.1.TFAP4(var.2)	1	8.397002	1.7541244	3.633268	1.0359813	-9.240164637565613	-7.453199868091642	9.110310618037662e-14
MA1651.1.ZFP42	8	-0.48644438	-0.38422096	0.88153934	0.6252446	-0.15407130122184753	0.025639575008664334	0.979544820143894
MA1420.1.IRF5	7	0.03987686	0.29520062	0.12737976	0.5191438	0.6470878161489964	0.6850803473399296	0.4932932208863702
MA0513.1.SMAD2::SMAD3::SMAD4	4	0.26590326	0.7333109	0.40523055	0.7526013	0.8147783875465393	0.8231078596248335	0.4104466596689551
MA0692.1.TFEB	5	1.1489866	2.011407	1.3831729	1.1280932	0.6073406934738159	0.6523641581253794	0.514166280336376
MA0523.1.TCF7L2	6	0.1498985	0.389701	0.43919286	0.39581	0.19641965627670288	0.31413161447575466	0.7534210790766006
MA0138.2.REST	11	-0.41677827	-0.16855985	0.91258967	0.91009456	0.24572330713272095	0.35471386198975746	0.7228039650221477
MA1629.1.Zic2	33	0.58602244	0.8304987	0.6996266	0.9587513	0.5036009550094604	0.5669751114664845	0.5707310911630574
MA1593.1.ZNF317	15	0.075047575	-0.040929396	0.35529464	0.65490305	0.18363143876194954	0.3036055256479275	0.7614284413302468
MA0816.1.Ascl2	13	-0.29557642	-0.24043217	0.43279138	0.47484276	0.09719562530517578	0.23245948443445402	0.8161811520780509
MA0059.1.MAX::MYC	21	0.15149891	0.06472364	1.7678123	1.429586	-0.42500147223472595	-0.19736531546414085	0.8435416699991425
MA1125.1.ZNF384	32	0.6323881	0.7841868	0.41757154	0.66476846	0.398995578289032	0.48087355071673393	0.6306063719287608
MA0676.1.Nr2e1	6	2.8446627	1.4819926	2.3128128	1.5967484	-2.078734517097473	-1.5585668204945475	0.11909894118813734
MA0480.1.Foxo1	7	1.0164007	0.69482076	0.7955343	0.7276259	-0.3894883394241333	-0.16813415873041573	0.8664777370734119
MA0467.1.Crx	2	-0.78419644	-0.3131246	1.0835664	0.72804415	0.11554956436157227	0.2475667652282999	0.804469627836237
MA1654.1.ZNF16	9	1.3663534	1.4639909	1.5769174	1.4332763	-0.04600358009338379	0.11459102040805161	0.9087692974981673
MA0914.1.ISL2	2	-0.14023921	-0.20903242	0.56118923	1.035596	0.40561357140541077	0.48632087621964987	0.6267396800782168
MA0892.1.GSX1	1	0.12911557	0.6876191	0.12947044	0.2917728	0.720805898308754	0.7457583175211117	0.4558134236460326
MA0149.1.EWSR1-FLI1	78	3.0614152	2.1973243	2.121005	1.5405087	-1.444587230682373	-1.0365948835119223	0.29992469880741957
MA0623.2.NEUROG1	2	0.8287184	0.20602083	0.67289954	0.18825474	-1.107342392206192	-0.7590058354345685	0.4478490660444272
MA0100.3.MYB	7	0.92083293	0.41245955	0.90606225	0.4869875	-0.9274481236934662	-0.6109333579530595	0.5412436999198977
MA1584.1.ZIC5	50	1.1094146	0.8706013	1.3669571	1.1217787	-0.4839916229248047	-0.2459206020327599	0.8057436953670937
MA0088.2.ZNF143	11	-1.2806516	-1.2414771	1.7165866	1.8150004	0.1375882625579834	0.26570700209848686	0.7904648702879611
MA0163.1.PLAG1	106	0.7561915	0.7384261	1.0842336	1.229503	0.12750399112701416	0.25740655391453604	0.7968649440164389
MA0684.2.RUNX3	3	1.5922614	1.0029082	0.861756	0.5673999	-0.8837093114852905	-0.5749315756878013	0.565337573945542
MA1509.1.IRF6	2	0.16388609	0.6439277	0.1513615	0.3684109	0.6970909982919693	0.7262383849087884	0.46769264433763835
MA1113.2.PBX2	4	0.5007375	1.0568933	0.3106625	0.7132356	0.9587289690971375	0.9415947876482975	0.3464001393702736
MA0842.2.NRL	2	0.13772906	0.18256341	0.613741	0.7337572	0.16485056281089783	0.288146829524163	0.7732343472342352
MA0122.3.Nkx3-2	3	0.49893036	0.7213018	0.552844	0.8264735	0.49600091576576233	0.5607194555799744	0.5749888019930751
MA0649.1.HEY2	5	-0.47311875	-0.24927235	1.3113767	1.3282183	0.24068805575370789	0.35056930445272894	0.7259114882347055
MA0652.1.IRF8	2	0.26942873	0.6309885	0.16121215	0.4408121	0.64115971326828	0.68020087626189	0.49637727759486727
MA1619.1.Ptf1a(var.2)	20	-0.9677391	-0.367356	2.148127	2.1466515	0.5989075303077698	0.6454227509681307	0.5186532638007733
MA0106.3.TP53	8	0.20229486	0.18283457	0.23741515	0.5085097	0.25163425505161285	0.359579212675194	0.7191618310765627
MA0104.4.MYCN	28	0.4843639	0.54143447	1.7940786	1.4409897	-0.2960183024406433	-0.09119818928092455	0.9273351137039029
MA1615.1.Plagl1	39	0.45638627	0.15071473	1.0719866	0.9686082	-0.4090498983860016	-0.1842354415718952	0.8538287569776752
MA0142.1.Pou5f1::Sox2	3	0.58893365	0.4307903	0.3278035	0.36658275	-0.11936408281326294	0.05420737685548865	0.956769943447212
MA1559.1.SNAI3	3	0.068257056	0.31194556	0.12965307	0.36705297	0.48108840733766556	0.5484448451286916	0.5833864910665899
MA0659.2.MAFG	5	0.032132782	-0.03881544	0.8265854	1.0406469	0.14311327785253525	0.27025468841195965	0.7869643220981241
MA0647.1.GRHL1	5	0.44691795	0.27690697	1.2033228	0.57749116	-0.7958425879478455	-0.5026077404153511	0.6152400861247398
MA0807.1.TBX5	2	-0.028602712	-0.0426369	0.13371803	0.20588662	0.058134399354457855	0.20030786255230015	0.8412398137343484
MA0497.1.MEF2C	8	0.5951343	0.76686573	0.59362626	0.97563004	0.5537351965904236	0.6082410251552497	0.5430276288828498
MA0655.1.JDP2	6	0.124928266	-0.7603061	0.76505286	0.73485655	-0.9154306948184967	-0.6010417117033698	0.5478122046049492
MA1562.1.SOX14	1	15.159456	21.779228	13.046827	14.76615	8.339095115661621	7.0164359100332145	2.275992301332442e-12
MA0688.1.TBX2	6	1.5385659	0.31836575	1.1485319	0.61883676	-1.7498952746391296	-1.2878964888241138	0.19778199790131845
MA0611.1.Dux	21	5.2882595	5.5954585	3.020109	3.0522845	0.3393745422363281	0.43179897712789433	0.6658875230195654
MA1596.1.ZNF460	66	0.8683443	1.076579	1.7890984	1.4238213	-0.15704238414764404	0.02319405179515196	0.9814954833124818
MA0070.1.PBX1	4	4.2015734	2.7195659	1.8562125	1.4809536	-1.8572664260864258	-1.3762745818911464	0.1687366392159475
MA0058.3.MAX	30	0.09764889	0.350235	1.3817762	1.3840415	0.25485143065452576	0.3622272968301524	0.7171821827190297
MA0677.1.Nr2f6	1	0.018377677	0.21442226	0.2494899	0.38415813	0.33071281015872955	0.42466943298724624	0.6710776696414207
MA0063.2.NKX2-5	5	-0.28896496	0.33799198	1.0113248	1.2227747	0.8384069204330444	0.842556702729641	0.3994764147323703
MA1146.1.NR1H4::RXRA	3	0.6159764	0.79973996	1.1164978	0.9557215	0.022987306118011475	0.17137799605449092	0.8639265554159125
MA0035.4.GATA1	4	0.24539235	0.47166243	2.1692371	0.51565605	-1.4273110032081604	-1.0223746761379457	0.3066036014772461
MA0800.1.EOMES	6	0.20372714	0.1504566	0.4276726	0.71708506	0.23614193499088287	0.34682735441815066	0.7287210253652714
MA0627.2.POU2F3	3	5.9558916	3.5517035	4.1665115	2.2976391	-4.27306056022644	-3.3647349452189763	0.0007661722253478991
MA0510.2.RFX5	10	0.43134284	0.5034988	1.9935721	1.6240879	-0.29732823371887207	-0.09227640467545298	0.9264784347138441
MA0809.2.TEAD4	7	0.8865522	1.4225414	0.61742675	0.9074027	0.8259651064872742	0.832315741577597	0.4052307475623126
MA1468.1.ATOH7	1	8.397002	1.7541244	3.633268	1.0359813	-9.240164637565613	-7.453199868091642	9.110310618037662e-14
MA0687.1.SPIC	13	0.61945426	0.26221603	1.4295906	0.91853315	-0.8682956695556641	-0.5622444780587226	0.573949461124947
MA1566.1.TBX3	3	0.44873178	0.73918176	1.1931592	2.0228002	1.1200909614562988	1.074413193579241	0.28263753180359685
MA1120.1.SOX13	1	-0.13580278	0.3456993	0.11074553	0.42309892	0.7938554808497429	0.8058860400731452	0.42030856122379456
MA0869.1.Sox11	1	-0.009526316	0.15985647	0.067402855	0.37106365	0.473043579608202	0.5418230801182663	0.5879403901025748
MA1580.1.ZBTB32	5	0.045306444	0.16723542	0.349829	0.39841488	0.17051486670970917	0.29280916545314695	0.7696680221430094
MA1147.1.NR4A2::RXRA	3	1.2774479	0.8551734	1.3882418	1.1011893	-0.7093270421028137	-0.4313960708060288	0.6661804064007883
MA0813.1.TFAP2B(var.3)	47	0.7167319	0.70810115	1.2322797	0.94977677	-0.2911336421966553	-0.08717758456704187	0.9305303564353594
MA0695.1.ZBTB7C	12	0.61355877	0.4670012	1.2288517	0.91596	-0.45944923162460327	-0.2257195544219274	0.8214195483207445
MA0468.1.DUX4	9	0.45951456	0.39452833	0.34041038	0.3818347	-0.023561924695968628	0.13306293472168895	0.8941436082305788
MA0851.1.Foxj3	3	0.16718832	0.53060037	0.27090666	0.48290047	0.5754058659076691	0.626078334375916	0.5312635621664936
MA1644.1.NFYC	1	0.034051675	0.69052327	0.059367307	0.66006815	1.2571724392473698	1.1872461048285199	0.23513055989483367
MA0766.2.GATA5	11	0.02014866	-0.08099073	2.7956035	0.8921139	-2.0046289805322886	-1.4975699333506571	0.13424502333677124
MA1130.1.FOSL2::JUN	9	-0.50583076	-1.3328887	0.72872955	1.0154334	-0.5403540730476379	-0.2923130062800665	0.7700473153094167
MA1631.1.ASCL1(var.2)	5	-2.3069844	-0.76984644	2.4751217	1.2747762	0.3367924690246582	0.4296736510646932	0.667433052936789
MA0698.1.ZBTB18	17	0.018326312	0.22045298	1.019521	1.4715425	0.6541481465101242	0.690891764329772	0.4896335620500949
MA0616.2.HES2	10	-0.2744223	0.022333473	1.6655033	1.0735881	-0.29515936970710754	-0.09049119456177035	0.9278968909680372
MA0681.2.PHOX2B	2	0.61042345	0.06825341	0.5478111	0.10183381	-0.9881473109126091	-0.6608953667872466	0.5086794175719394
MA1513.1.KLF15	111	1.2433224	1.041133	1.7126914	1.4741865	-0.4406942129135132	-0.21028214160870753	0.8334474726192644
MA0137.3.STAT1	8	1.2681228	1.3666706	2.100118	1.616344	-0.38522613048553467	-0.1646258988936801	0.8692384449759287
MA0866.1.SOX21	4	-0.58470285	-0.29224205	0.537491	0.4440903	0.1990600824356079	0.31630497133802954	0.7517710381404059
MA0593.1.FOXP2	6	0.7768685	0.43455857	0.590808	0.6127781	-0.32033979892730713	-0.1112174165226383	0.9114439409249683
MA0488.1.JUN	21	0.8298754	0.4884652	1.3700147	1.3089689	-0.40245598554611206	-0.17880793674602297	0.8580885131005654
MA1470.1.BACH2(var.2)	4	3.6059103	3.0838199	1.6732944	1.6371882	-0.5581966638565063	-0.30699939205322446	0.7588438349633994
MA0871.2.TFEC	26	1.8321319	1.6154721	1.9373571	1.7851052	-0.36891162395477295	-0.15119729207440694	0.8798200863506753
MA0771.1.HSF4	1	0.9933277	1.19787	0.7194024	1.3000526	0.785192608833313	0.798755557639308	0.4244321648808681
MA0729.1.RARA	4	4.4148693	2.3987966	3.0241764	1.8692228	-3.171026349067688	-2.4576413659473637	0.013985275649780473
MA0526.3.USF2	1	-2.3060343	-3.9577427	2.476284	2.0144446	-2.1135478019714355	-1.5872219265364194	0.11246239040843435
MA1495.1.HOXA1	1	0.697286	0.2674511	0.6261371	0.2721412	-0.7838307917118073	-0.4927207304378907	0.6222099278013631
MA0046.2.HNF1A	1	0.81455266	1.0293559	0.7899881	0.8840756	0.308890700340271	0.4067074718230186	0.6842228520628726
MA0648.1.GSC	2	1.7989624	0.5572144	1.1240727	1.2738156	-1.0920050144195557	-0.7463815114596417	0.45543698455788917
MA1563.1.SOX18	7	1.035311	0.57405615	1.8834664	1.9677505	-0.37697064876556396	-0.15783074282125137	0.8745901729992954
MA0660.1.MEF2B	6	0.07207548	0.5398589	0.8827264	1.2271619	0.8122189119458199	0.8210011338442664	0.41164562237229396
MA1632.1.ATF2	2	0.9637201	0.7678062	1.2292485	0.9315372	-0.4936252236366272	-0.2538500993772863	0.7996113670946223
MA1555.1.RXRB(var.2)	5	0.31448767	0.74050623	0.2645158	0.4743251	0.6358278691768646	0.6758121907818677	0.49915989370267344
MA0069.1.PAX6	3	-0.043415863	-0.6196306	0.053399708	0.2948651	-0.3347493186593056	-0.12307801276995434	0.9020453221561799
MA0814.2.TFAP2C(var.2)	37	-0.21360546	0.19560745	1.1885343	0.92719764	0.1478762924671173	0.2741751655905414	0.7839500121026294
MA0164.1.Nr2e3	3	0.025542662	0.026500084	0.34146413	0.3674674	0.026960693299770355	0.17464852428677136	0.8613558176357456
MA1479.1.DMRTC2	1	1.1889697	0.38898593	5.310123	2.166226	-3.94388085603714	-3.0937843766493502	0.0019762105714655515
MA0689.1.TBX20	2	0.12768427	0.41622064	0.16621737	0.77086973	0.8931887298822403	0.8876480684141933	0.3747300885369508
MA1151.1.RORC	5	-0.222451	-0.31737977	0.16569626	0.60587287	0.3452478349208832	0.4366333334749092	0.6623772843971232
MA0618.1.LBX1	1	0.7585757	0.78833246	0.78146523	0.87500864	0.12330019474029541	0.25394637393795594	0.7995369875767806
MA1625.1.Stat5b	7	1.5490792	0.6541729	2.4917946	1.4324548	-1.9542460441589355	-1.456099316897594	0.14536516637348446
MA1132.1.JUN::JUNB	11	0.23976783	0.034526065	0.8006762	1.0011321	-0.004785865545272827	0.14851766609678116	0.881934245032667
MA1574.1.THRB	4	0.99530077	0.7094849	0.66094774	0.48655862	-0.4602050185203552	-0.22634164893904168	0.8209357076046486
MA0752.1.ZNF410	5	0.79398465	1.345966	0.57861406	0.8724482	0.8458154797554016	0.8486547498908965	0.39607343218778646
MA1648.1.TCF12(var.2)	8	-1.5051403	-0.95777434	1.9784167	1.4137497	-0.01730102300643921	0.13821633528359295	0.890069445315771
MA0830.2.TCF4	10	0.1270366	0.2682647	1.1378648	0.9609315	-0.035705238580703735	0.12306767146725606	0.9020535110680853
MA0032.2.FOXC1	2	1.1088144	1.2584069	0.68754894	1.2425753	0.7046188712120056	0.7324346400905197	0.4639033222630303
MA0143.4.SOX2	4	7.2788486	7.915744	2.8107681	3.6827748	1.508901834487915	1.394446676121611	0.16318276138469623
MA1131.1.FOSL2::JUN(var.2)	4	0.6368463	0.93425155	0.65477335	0.9063331	0.5489649772644043	0.6043146177184064	0.5456344896137688
MA0029.1.Mecom	3	0.4492592	0.2510631	0.45351762	0.21762991	-0.4340837895870209	-0.20484104686317914	0.8376963161684923
MA0821.1.HES5	8	-0.6297569	-0.76598465	1.5680449	1.2227812	-0.48149144649505615	-0.24386268589594004	0.8073371691617215
MA1119.1.SIX2	3	0.24296951	-0.22083896	4.2743683	0.7628221	-3.9753546714782715	-3.1196907374616982	0.001810410072470558
MA0072.1.RORA(var.2)	3	0.08790819	0.204772	0.12952346	0.68571913	0.6730594784021378	0.7064578398299896	0.4799034623868347
MA0707.1.MNX1	4	-0.08576522	-0.113011576	0.30702674	0.23938079	-0.09489230811595917	0.07435029934966883	0.9407316546578403
MA0077.1.SOX9	2	0.106208205	0.58691365	0.08966137	0.46954712	0.8605911955237389	0.8608167651594681	0.3893389698785593
MA1493.1.HES6	1	0.088307396	-0.07379332	0.6286164	0.27262908	-0.5180880278348923	-0.2739856381786569	0.7840956585775083
MA0486.2.HSF1	3	-8.225543	-9.044212	3.7601082	4.5331593	-0.045618295669555664	0.11490815124075088	0.9085179241392426
MA0157.2.FOXO3	2	6.720854	2.0691135	1.9629803	0.7770466	-5.8376739621162415	-4.652581326507137	3.2780538637626406e-06
MA1653.1.ZNF148	120	1.6157784	1.4854271	1.6138238	1.3080941	-0.4360809326171875	-0.20648491200022087	0.8364121492844633
MA1599.1.ZNF682	46	0.31320608	0.6059222	1.5714221	1.5725018	0.2937958240509033	0.39428275285936	0.6933722953311696
MA0461.2.Atoh1	4	0.67163163	0.08314538	0.5459464	0.11013106	-1.0243016108870506	-0.6906542735778012	0.4897828315875482
MA0861.1.TP73	3	-0.10928745	-0.4927904	0.63717973	0.7667872	-0.25389551371335983	-0.05652656946309906	0.9549223299880525
MA0102.4.CEBPA	7	1.6186173	2.1014314	1.556685	1.667931	0.5940600633621216	0.6414327603692859	0.5212415539793029
MA0667.1.MYF6	2	-0.085325636	-0.8342973	0.16151918	0.73143244	-0.17905841022729874	0.0050724765339513886	0.9959527666444308
MA0609.2.CREM	22	2.4099233	1.5028727	1.910054	1.6066432	-1.2104613780975342	-0.8438839354571473	0.3987342659261607
MA1588.1.ZNF136	5	0.31302857	0.22290406	0.37303388	0.4069774	-0.05618101358413696	0.1062138897532609	0.9154126508564123
MA0131.2.HINFP	27	-0.22300577	-0.3856972	1.689009	1.3620304	-0.4896699786186218	-0.25059450411177614	0.8021276312543999
MA0108.2.TBP	5	3.2944534	2.5912404	1.8250564	1.2886621	-1.239607334136963	-0.8678742157201346	0.38546319568408427
MA0639.1.DBP	2	0.028494474	-0.012334322	0.27526125	0.097522564	-0.21856748405843973	-0.027447772685456374	0.9781025954922886
MA0597.1.THAP1	26	0.6781333	0.35485202	1.8599913	1.7563068	-0.4269658327102661	-0.19898219700619738	0.8422766708571214
MA0111.1.Spz1	9	0.50911	0.27361757	0.596679	0.70356	-0.12861138582229614	0.046595844382051915	0.9628353441374811
MA0525.2.TP63	3	4.3701754	4.018095	3.2433078	2.5686646	-1.0267236232757568	-0.6926478522384869	0.48853057234972397
MA0779.1.PAX1	5	3.8704176	4.987028	3.0625904	3.7592204	1.8132405281066895	1.6449504010606297	0.09998003986925326
MA0007.3.Ar	6	0.48128116	0.210599	0.55422556	0.5772204	-0.24768733978271484	-0.05141656956067475	0.9589935816364016
MA1552.1.RARB(var.3)	4	-0.53425074	-1.2114244	0.8468053	1.379472	-0.14450687170028687	0.03351213696777193	0.9732661873682859
MA0773.1.MEF2D	1	0.17545459	0.16064769	0.16284803	0.27353907	0.09588414430618286	0.23137999345179902	0.8170196064096817
MA0151.1.Arid3a	17	0.3773691	0.4199428	1.07944	0.8628464	-0.1740199327468872	0.009219689502031857	0.9926438563063948
MA0724.1.VENTX	5	5.0635386	4.1546946	1.679015	1.422022	-1.165837049484253	-0.8071532772302561	0.4195781804640035
MA1541.1.NR6A1	2	-0.02910851	0.1270623	0.15857556	0.2984438	0.29603904485702515	0.3961291666725773	0.6920097426244494
MA0105.4.NFKB1	29	0.124851525	-0.25843787	1.0668442	0.9460893	-0.5040442943572998	-0.26242612365765916	0.7929929344567178
MA0601.1.Arid3b	3	0.23499468	0.5670665	0.23328342	0.67886907	0.7776574641466141	0.7925533170055981	0.428038116423498
MA0041.1.Foxd3	8	1.4479214	0.47607476	0.6281967	0.42350096	-1.1765424013137817	-0.8159649418864727	0.41452018717395145
MA1511.1.KLF10	20	0.33873826	0.63995725	1.0465715	1.1643078	0.41895532608032227	0.49730258611512046	0.6189756883449781
MA0731.1.BCL6B	4	0.055980146	0.25178534	0.19773576	0.2716381	0.2697075307369232	0.37445547710015487	0.7080654752117853
MA0604.1.Atf1	10	1.3168738	1.4171042	1.3251148	1.280526	0.05564165115356445	0.19825606065279855	0.8428447277963811
MA1531.1.NR1D1	11	0.67536116	0.68656206	0.7854455	1.1877849	0.4135403037071228	0.4928454358954584	0.6221218037337637
MA0786.1.POU3F1	3	0.24884358	0.2939882	0.2764406	0.46093518	0.2296392023563385	0.34147490078214876	0.7327460968667241
MA1623.1.Stat2	16	0.45198613	0.61446416	0.37103435	0.51925755	0.3107012212276459	0.40819772671297166	0.6831285169978482
MA1603.1.Dmrt1	3	-0.029684525	0.10427612	0.21551132	0.4183624	0.33681173250079155	0.42968950699306463	0.6674215173244237
MA0595.1.SREBF1	17	2.10008	2.0188832	1.7756513	1.7335837	-0.12326443195343018	0.05099696684630828	0.9593279375111241
MA0155.1.INSM1	30	1.0247154	1.3216558	1.7141722	1.8716232	0.4543912410736084	0.5264701842173849	0.5985615627676073
MA0878.2.CDX1	2	0.07363488	0.18613224	0.112715594	0.28293326	0.2827150300145149	0.3851620585815749	0.7001173517829923
MA1561.1.SOX12	3	2.8375468	1.9940825	0.8655143	1.0373809	-0.6715977191925049	-0.40034074945967874	0.6889055581847495
MA1578.1.VEZF1	162	1.1517661	1.0754449	1.150542	0.9750167	-0.25184643268585205	-0.054839953725911356	0.9562659698081901
MA0116.1.Znf423	23	2.1130397	1.6701823	1.6768609	1.6802977	-0.43942058086395264	-0.20923380441299005	0.8342657242977789
MA0117.2.Mafb	3	1.5318844	0.6599898	1.7416551	1.0894945	-1.524055302143097	-1.102005717993481	0.2704591857447485
MA1135.1.FOSB::JUNB	7	-1.4764564	-2.4034724	0.6008165	0.7746814	-0.7531511187553406	-0.4674680349487895	0.6401650564903518
MA0803.1.TBX15	1	0.30028525	0.23785496	0.14271724	0.12879097	-0.07635655999183655	0.08960722870824878	0.9285993398407175
MA1136.1.FOSB::JUNB(var.2)	4	-3.8093655	-3.0184052	2.9584394	2.6966043	0.5291252136230469	0.5879843422776658	0.5565428025965409
MA0808.1.TEAD3	5	0.5983918	0.91627145	1.551961	1.7380968	0.5040155649185181	0.5673163803514252	0.570499250072852
MA0784.1.POU1F1	5	0.18284494	0.12936069	0.18984243	0.34022987	0.09690319001674652	0.23221877850191522	0.8163680932353665
MA0783.1.PKNOX2	6	-0.15544865	0.0062264604	0.20223159	0.31844914	0.2778926594182849	0.38119272499790235	0.7030602469515879
MA0853.1.Alx4	3	0.6268623	1.360956	0.2392054	0.6822358	1.1771240383386612	1.1213575963230524	0.26213567808468097
MA0865.1.E2F8	10	1.2741874	1.6187015	1.033044	1.248415	0.5598850250244141	0.6133030003912355	0.5396760098510555
MA0670.1.NFIA	11	0.75154227	-0.20772223	0.6433217	0.550337	-1.0522491782903671	-0.7136581501281972	0.475438590504073
MA0643.1.Esrrg	4	1.8354597	4.036538	1.0781018	2.1622858	3.2852624654769897	2.8565839732449043	0.004282267132234233
MA0068.2.PAX4	1	0.32054603	0.7146888	0.26966345	0.8280851	0.9525644183158875	0.9365206943251093	0.3490051627590167
MA0857.1.Rarb	7	1.5510663	0.69927955	1.1956805	0.9733544	-1.0741128325462341	-0.7316543068664334	0.4643795923575782
MA0730.1.RARA(var.2)	3	-0.22205353	-0.50021714	0.97883666	1.1355841	-0.12141615152359009	0.05251830193157615	0.9581157126253805
MA1652.1.ZKSCAN5	40	3.2094183	3.3175364	2.2249722	1.9151847	-0.20166945457458496	-0.01353886324150175	0.9891978800560292
MA0777.1.MYBL2	3	0.017321715	-0.1816022	1.2278528	0.67245704	-0.754319692030549	-0.4684298973883734	0.6394771919386508
MA0815.1.TFAP2C(var.3)	5	1.0324869	1.2182009	1.1654431	1.1273388	0.14760971069335938	0.2739557399022296	0.7841186352511605
MA0628.1.POU6F1	2	0.6969631	1.5457857	0.27194673	0.8354991	1.4123749732971191	1.3149946090924505	0.18851171426280156
MA0472.2.EGR2	31	0.93272454	0.8399317	1.6844199	1.3480513	-0.4291613698005676	-0.20078936195398164	0.8408632814644573
MA0521.1.Tcf12	41	-0.89623815	-0.4065921	1.6900836	1.3498523	0.14941474795341492	0.2754414811726579	0.7829770787092887
MA0666.1.MSX1	3	-0.11082062	-0.49489403	0.19338231	0.2045065	-0.3729492127895355	-0.15452066522441188	0.8771992184036345
MA1602.1.ZSCAN29	4	0.23380232	0.36219716	0.69578266	0.7558971	0.1885092854499817	0.30762052206689783	0.7583711026239605
MA0690.1.TBX21	9	0.052823305	-0.04472675	0.39457238	0.69265616	0.20053372532129288	0.31751793912633314	0.7508506297168545
MA1560.1.SOHLH2	1	1.3649274	0.9058686	1.4577171	1.1771483	-0.7396275401115417	-0.45633666422331437	0.6481479026494363
MA0040.1.Foxq1	4	2.495092	0.9873942	1.2291942	0.85654116	-1.8803507089614868	-1.3952754482581171	0.1629327928034695
MA0632.2.TCFL5	22	0.6340528	0.10897284	1.5748588	1.2514303	-0.8485084846615791	-0.5459574806247571	0.5850951650616425
MA0728.1.Nr2f6(var.2)	3	0.77554613	1.17273	0.63490397	0.9633229	0.7256027460098267	0.7497066429962452	0.4534314057387968
MA0051.1.IRF2	7	1.104638	1.4892472	0.59194165	0.84806645	0.6407340168952942	0.6798504820157362	0.49659913838652814
MA1134.1.FOS::JUNB	13	0.022351898	-0.6373152	0.74065953	0.9542201	-0.44610653072595596	-0.21473706568178333	0.829972322389584
MA0477.2.FOSL1	10	-0.36013758	-1.0085224	0.78744256	1.0637828	-0.37204456329345703	-0.15377604065552372	0.8777863258958755
MA0031.1.FOXD1	2	4.3424573	3.009655	1.7201271	1.0721227	-1.9808067083358765	-1.4779616217989633	0.13941805088874218
MA0744.2.SCRT2	3	0.03464952	0.12393719	0.4760541	0.63976127	0.2529948353767395	0.3606991177239746	0.7183243843299523
MA0030.1.FOXF2	3	0.4866107	0.89635754	0.47354925	0.65633017	0.5925277471542358	0.6401714980785939	0.5220611103974011
MA0071.1.RORA	3	0.021029865	-0.21408205	0.19428785	0.6860162	0.2566164378076792	0.36368008898468135	0.716096913365798
MA1540.1.NR5A1	20	0.3431036	0.40701544	0.37814298	0.7858999	0.4716687500476837	0.54069144640462	0.588720275146311
MA0087.1.Sox5	5	0.21399415	0.70123386	0.17889239	0.4916766	0.8000239282846451	0.8109633407645557	0.41738672344210637
MA0603.1.Arntl	26	1.1358796	0.72931063	1.9344419	1.8050542	-0.5359567403793335	-0.2886935249709099	0.7728159181539569
MA1597.1.ZNF528	8	1.7269269	2.3131716	1.3126414	1.3782858	0.6518890857696533	0.6890323125340685	0.49080293360907035
MA1655.1.ZNF341	23	-1.1723144	-0.7640539	1.1326753	1.009369	0.2849542498588562	0.38700517916967697	0.6987523737255064
MA0483.1.Gfi1b	12	1.1724128	1.6119016	1.3593073	1.5164362	0.5966178178787231	0.6435380695111161	0.519875020669919
MA0081.2.SPIB	30	2.5289202	2.2221508	2.256197	1.6384041	-0.9245622158050537	-0.6085579430254269	0.5428174883871222
MA0868.2.SOX8	3	0.074683495	0.5421889	0.11712909	0.57908696	0.9294632598757744	0.9175059375393564	0.35887758299866157
MA0019.1.Ddit3::Cebpa	3	0.24897915	0.4064141	0.24902573	0.3484452	0.25685441493988037	0.3638759699532097	0.7159506295629592
MA0818.1.BHLHE22	1	0.24526228	0.028293611	1.0052993	1.59429	0.3720220196992159	0.45867138896968435	0.6464701628953043
MA0761.2.ETV1	10	1.5789112	1.10745	1.6483586	1.365381	-0.7544387578964233	-0.46852790149872797	0.6394071228435827
MA1471.1.BARX2	2	0.53421485	0.86038625	0.7508244	0.82195777	0.3973047733306885	0.47948183500955877	0.6315958878583947
MA0741.1.KLF16	199	0.9721831	1.2108586	1.5376259	1.5479865	0.24903607368469238	0.35744062785463876	0.7207619662535485
MA0822.1.HES7	5	3.0586681	2.3939023	2.9901237	2.8832836	-0.7716059684753418	-0.48265837615410817	0.6293383223693907
MA1109.1.NEUROD1	17	0.51060593	0.6333035	1.23105	1.3646244	0.25627195835113525	0.3633965450619447	0.7163086822755782
MA0511.2.RUNX2	6	2.8623166	1.1181949	1.7843176	1.0578835	-2.4705557823181152	-1.8810781820338711	0.05996128443761894
MA0060.3.NFYA	31	7.4478254	6.4358177	4.765384	4.157617	-1.6197748184204102	-1.1807932526697777	0.2376848651554585
MA0679.2.ONECUT1	1	0.4989015	0.18445292	0.61092013	0.26723403	-0.6581346690654755	-0.38925920026276273	0.6970844143593056
MA0674.1.NKX6-1	6	0.10436929	0.2991522	0.14842027	0.28633216	0.33269479125738144	0.42630081821160737	0.66988866176119
MA0901.2.HOXB13	6	2.2616081	2.5851429	1.5221304	1.6378304	0.43923473358154297	0.513994736095154	0.6072556709331076
MA1530.1.NKX6-3	11	0.23592877	0.3245507	0.25731158	0.3212945	0.1526048183441162	0.2780672548006716	0.7809607317060138
MA0073.1.RREB1	126	0.520221	0.5891367	0.74119425	0.7457406	0.07346206903457642	0.21292419570353013	0.831386089654077
MA0518.1.Stat4	11	0.76213247	0.656806	1.7218513	1.2185094	-0.6086683869361877	-0.34854308958709224	0.7274323592149592
MA0500.2.MYOG	30	-2.7878466	-1.0771432	1.5300854	0.8638184	1.0444363355636597	1.0121412380496109	0.31147052747645054
MA0158.2.HOXA5	1	0.117473505	0.37665212	0.05636385	0.2903036	0.4931183531880379	0.5583467942055573	0.5766075970738619
MA1575.1.THRB(var.2)	10	1.1589607	0.60106	2.3024578	1.3904299	-1.4699286818504333	-1.0574536439852495	0.2903046002052784
MA1128.1.FOSL1::JUN	2	-0.24345724	-0.85913193	0.16965891	0.30745527	-0.4778783321380615	-0.24088870123991218	0.8096413794294783
MA1106.1.HIF1A	13	0.51196635	0.39480865	1.5899091	1.1388278	-0.5682389736175537	-0.31526530123559415	0.7525602282274274
MA0700.2.LHX2	3	0.42005908	0.37393093	0.47663933	0.4117845	-0.1109829843044281	0.06110592915779263	0.9512748471921746
MA0753.2.ZNF740	275	1.439375	1.2863431	1.1521459	0.9870461	-0.318131685256958	-0.10939989968659607	0.912885313310221
MA1480.1.DPRX	5	-0.46764773	-0.27820912	1.0032102	0.4098691	-0.40390247106552124	-0.17999855107893536	0.8571537056926157
MA1616.1.Prdm15	7	0.16698568	0.25446016	0.19934689	0.5298523	0.4179798662662506	0.4964996769810642	0.6195419152042401
MA0634.1.ALX3	6	0.3446589	0.50529915	0.25089058	0.34184188	0.2515915334224701	0.35954404814482005	0.719188132006017
MA0084.1.SRY	6	0.8476486	0.68153524	0.60728484	0.6854412	-0.08795702457427979	0.08005878925623056	0.9361904989047369
MA0112.3.ESR1	2	-0.00017442554	-0.18843517	0.16602531	0.4155212	0.061235152184963226	0.20286011814924962	0.8392443672032743
MA0598.3.EHF	30	0.9346419	0.6064691	2.0017526	1.2181411	-1.1117843389511108	-0.7626620389634459	0.4456649753262265
MA1604.1.Ebf2	16	0.045715377	0.1631356	0.38814658	0.6566955	0.3859691321849823	0.4701513739439395	0.6382468721999031
MA0653.1.IRF9	5	0.14088202	0.34472772	0.12162092	0.51793677	0.6001615524291992	0.6464549470679388	0.5179847653558419
MA0663.1.MLX	6	0.5324666	0.3800841	0.8940161	0.7215186	-0.3248800039291382	-0.11495449724484878	0.9084811888034697
MA1548.1.PLAGL2	21	0.18390533	0.3044945	1.5258147	1.5275689	0.12234345078468323	0.2531588699835821	0.8001454484130408
MA0509.2.RFX1	11	2.8073363	1.8846486	2.528932	2.0752556	-1.3763642311096191	-0.9804399617822009	0.3268689919875294
MA0762.1.ETV2	8	2.276225	1.5760815	3.4815164	1.9534744	-2.228185534477234	-1.6815812032678807	0.09265007802828742
MA0812.1.TFAP2B(var.2)	35	-0.6107002	-0.15808105	1.0398374	0.84835	0.26113176345825195	0.36739669130472036	0.7133231392556852
MA0014.3.PAX5	23	1.9361725	2.2613213	2.6448267	2.910055	0.5903770923614502	0.6384012761253985	0.5232125004614729
MA0522.3.TCF3	17	0.35030478	0.36257043	1.4690901	0.90044487	-0.5563795864582062	-0.3055037404442743	0.7599825215972508
MA1608.1.Isl1	4	0.4463338	0.67661566	0.52726793	0.7447548	0.4477687180042267	0.5210191300722529	0.6023534449999626
MA1600.1.ZNF684	9	1.1783304	1.0409315	1.6603997	1.4149776	-0.38282108306884766	-0.16264628424339925	0.8707969426189783
MA0258.2.ESR2	10	0.21343961	-0.0068470687	0.60986805	0.6237637	-0.20639105141162872	-0.017425249100873747	0.9860973663421688
MA1121.1.TEAD2	1	-0.064872086	-0.05632788	0.35075045	0.5969858	0.254779577255249	0.36216815369605293	0.7172263761235405
MA0745.2.SNAI2	3	0.4150252	0.35764056	0.80180866	0.7311945	-0.12799879908561707	0.04710006965016248	0.9624334718280227
MA1657.1.ZNF652	8	0.25739336	0.62028027	0.93318325	1.6649556	1.0946592688560486	1.0534801546280816	0.2921209850461973
MA1141.1.FOS::JUND	7	-0.17932877	-0.25700554	0.47097996	0.60426223	0.05560550093650818	0.19822630510669212	0.8428680073256531
MA1556.1.RXRG(var.2)	9	-0.43375826	-0.16860023	1.5396981	1.658656	0.38411590456962585	0.46862596678888296	0.6393370132277052
MA0089.2.NFE2L1	9	-0.046965897	-0.0530321	0.3692207	0.31443673	-0.060850173234939575	0.10237066538059485	0.9184624669563045
MA0596.1.SREBF2	20	2.0875413	1.8679979	1.5771685	1.5340326	-0.2626793384552002	-0.0637566090971615	0.9491640288503173
MA0083.3.SRF	5	0.66169465	1.4561727	1.1768645	0.7792215	0.3968350291252136	0.47909518462396117	0.6318709152759969
MA1589.1.ZNF140	8	1.3531094	0.40655082	3.0147514	1.8226794	-2.1386305689811707	-1.6078677619147723	0.10786414374321156
MA0630.1.SHOX	2	0.5132715	1.1535387	0.18127523	0.4078513	0.8668432682752609	0.8659628985486317	0.38651050816415955
MA0091.1.TAL1::TCF3	11	0.1377671	0.12087949	0.52204555	0.45191514	-0.08701802045106888	0.08083169140613622	0.9355758044271248
MA0810.1.TFAP2A(var.2)	19	-0.57265204	-0.36245665	2.1340022	2.138665	0.21485814452171326	0.3293084884141216	0.7419225287892773
MA0905.1.HOXC10	1	0.10248167	0.1700069	0.302378	0.77707624	0.5422234758734703	0.5987656315213836	0.5493291838922705
MA0715.1.PROP1	1	5.237944	1.3216143	4.216209	1.2181488	-6.914389967918396	-5.538835279127321	3.044898618971354e-08
MA0048.2.NHLH1	40	-2.6498766	-0.9776716	1.4088892	0.9321604	1.1954761743545532	1.1364633930191743	0.255762677797577
MA0519.1.Stat5a::Stat5b	10	0.47408742	0.08331011	1.5741055	0.9887342	-0.9761486202478409	-0.6510191441151452	0.5150341289649716
MA1496.1.HOXA4	2	0.42088622	0.69207996	0.41136196	0.97065663	0.8304884135723114	0.8360389134831197	0.40313301184629935
MA1150.1.RORB	8	0.19516972	0.49197873	0.46441135	1.0684257	0.900823324918747	0.8939321674628721	0.37135818553905175
MA1155.1.ZSCAN4	11	0.49429423	0.7735418	0.57652646	0.6591848	0.36190593242645264	0.45034475290016857	0.6524618744305948
MA1576.1.THRB(var.3)	12	2.4878316	2.7173543	1.6870687	1.9526305	0.4950845241546631	0.5599651659779733	0.575503197922821
MA0507.1.POU2F2	8	2.4422498	1.6452818	1.6767547	1.0555837	-1.4181389808654785	-1.0148251078108115	0.31018920301510733
MA0103.3.ZEB1	21	0.8210343	0.5560588	1.1427472	0.81791234	-0.589810311794281	-0.3330208501634552	0.7391185444578989
MA1567.1.TBX6	1	6.225877	0.5857519	4.675666	0.55028737	-9.765503406524658	-7.885610604019837	3.130012163771219e-15
MA1421.1.TCF7L1	5	-0.24485144	-0.24412796	0.36874208	0.33013672	-0.03788188099861145	0.12127605888239965	0.9034723822781147
MA1149.1.RARA::RXRG	18	0.83430594	0.5407069	0.85374796	0.8551851	-0.2921619415283203	-0.08802398635010619	0.9298576117856733
MA0615.1.Gmeb1	1	5.9740105	3.9201348	2.5174046	1.7466191	-2.824661135673523	-2.172545260970248	0.029814559591527297
MA1525.1.NFATC4	5	-0.061488204	0.13041647	0.5035422	0.50145113	0.18981362134218216	0.3086941318523731	0.7575542080748906
MA1592.1.ZNF274	5	1.2564282	1.3413227	0.9200371	0.95087093	0.11572825908660889	0.24771385035151036	0.8043558147766604
MA0748.2.YY2	52	0.089965284	-0.12152016	2.1273923	1.8897551	-0.4491226077079773	-0.21721962387941296	0.8280371921342242
MA0801.1.MGA	7	-0.012881622	0.027939856	0.26320133	0.6092434	0.3868635445833206	0.47088757227203004	0.6377210233086763
MA0847.2.FOXD2	3	0.6818749	1.023999	0.38566756	0.70201516	0.6584717035293579	0.6944505202849414	0.48739972054788816
MA0095.2.YY1	24	-0.4523036	-0.38287306	2.2390647	1.7436459	-0.42598825693130493	-0.19817754620373748	0.8429061546054012
MA0479.1.FOXH1	3	0.26195645	0.54916626	0.3964778	0.6977683	0.5885002911090851	0.6368564653124934	0.5242183422099418
MA0162.4.EGR1	102	1.4757857	1.4694846	1.5245826	1.504503	-0.02638077735900879	0.1307427135110717	0.8959788418381468
MA0636.1.BHLHE41	2	-0.31008047	-1.4646461	0.09614435	0.45007992	-0.8006300628185272	-0.5065483510353729	0.6124717558377906
MA0491.2.JUND	1	5.393816	3.3306458	1.3026513	0.691442	-2.6743794679641724	-2.0488471629610703	0.040477062318413796
MA0470.2.E2F4	5	1.5416644	1.7632492	2.9765954	2.5909228	-0.16408777236938477	0.017394933805251166	0.9861215507829351
MA1418.1.IRF3	11	0.8671378	1.121005	0.6458816	0.72925574	0.33724141120910645	0.4300431791327456	0.6671642318068516
MA0894.1.HESX1	1	-0.5145103	-1.4299266	0.17499	0.3827152	-0.7076911628246307	-0.43004956488572443	0.6671595867290662
MA0017.2.NR2F1	5	0.5999538	0.7720821	0.52550846	0.98290986	0.6295297145843506	0.6706281270438441	0.50245745962833
MA1154.1.ZNF282	5	1.2679617	0.4364671	1.1807473	0.51125973	-1.5009821653366089	-1.0830140260488053	0.2788021974221959
MA1622.1.Smad2::Smad3	11	-0.21421112	-0.7878698	0.7343127	0.98286605	-0.32510535418987274	-0.11513998492983142	0.9083341672492008
MA0033.2.FOXL1	2	5.437648	4.286751	1.7313159	1.0838184	-1.7983944416046143	-1.3278165589171786	0.18423871522343505
MA0769.2.TCF7	6	-0.31265244	0.057755537	0.44733384	0.57053256	0.49360669404268265	0.5587487516486739	0.5763332025179939
MA1107.2.KLF9	113	0.48698246	0.6152104	1.2569115	1.3530823	0.22439873218536377	0.3371614259405126	0.7359952141698567
MA0476.1.FOS	5	0.9345312	0.5506348	0.5820917	0.50065446	-0.46533364057540894	-0.23056306066069635	0.8176542677449403
MA0080.5.SPI1	25	0.82131934	0.92750186	1.0433774	0.8842074	-0.05298745632171631	0.10884253345455949	0.9133273873799546
MA0027.2.EN1	6	0.43704462	0.5727671	0.36552265	0.49022016	0.26041996479034424	0.3668108038659681	0.7137601482344778
MA0637.1.CENPB	5	1.8806407	1.767344	1.548419	1.3890698	-0.2726459503173828	-0.07196021070565621	0.9426335729793751
MA0478.1.FOSL2	13	-0.15021701	-0.37143654	0.6395098	0.77414644	-0.08658288419246674	0.08118985570111872	0.9352909668608231
MA0592.3.ESRRA	2	2.608644	2.7913394	2.2209594	2.1987772	0.16051316261291504	0.2845766791327476	0.7759684801527951
MA0140.2.GATA1::TAL1	3	3.579549	0.69496644	3.1386414	0.63609153	-5.387132465839386	-4.281736851508087	1.8544020069148397e-05
MA0145.3.TFCP2	6	2.182974	1.088198	2.3972309	1.6069788	-1.8850282430648804	-1.399125565712775	0.16177533244062203
MA1585.1.ZKSCAN1	2	-0.11040765	-0.3389244	1.8446872	2.9428985	0.8696945309638977	0.8683097967224731	0.38522476048838705
MA0733.1.EGR4	47	1.4126558	1.3336694	1.7777667	1.5520363	-0.3047168254852295	-0.09835801637430835	0.9216480110550125
MA0834.1.ATF7	9	1.2730519	0.80410904	1.8745598	1.5546345	-0.7888681292533875	-0.4968670051127819	0.6192828403550528
MA0125.1.Nobox	6	0.1456283	-0.022942096	0.23839764	0.37096617	-0.03600187599658966	0.12282350672845097	0.9022468595163474
MA0107.1.RELA	9	-1.032383	-0.7078217	0.51995176	0.68054056	0.4851500391960144	0.5517880082925641	0.5810936041290795
MA0899.1.HOXA10	2	-0.12984708	-0.4841984	0.17252408	0.332093	-0.19478239119052887	-0.007870063750109223	0.9937206624628208
MA1515.1.KLF2	83	0.7198937	1.1024402	1.6995741	1.5770365	0.26000893115997314	0.36647247864593496	0.7140125452279906
MA0787.1.POU3F2	1	0.07074391	0.29588473	0.05458487	0.28010216	0.4506581127643585	0.5233974150731702	0.6006977226546002
MA0833.2.ATF4	4	1.3657513	1.3423195	1.6707717	1.5726115	-0.12159204483032227	0.05237352267920989	0.9582310709954718
MA0710.1.NOTO	1	-0.49180633	-0.5557713	0.15932675	0.20283195	-0.02045975625514984	0.13561635551933096	0.8921245750771438
MA0079.4.SP1	85	0.9761102	1.273215	1.987174	2.27406	0.5839908123016357	0.6331446755779464	0.5266391701631272
MA0093.3.USF1	14	2.640749	2.2076135	1.7100114	1.8180093	-0.3251376152038574	-0.11516653924035099	0.9083131199846893
MA0619.1.LIN54	4	0.95925355	0.9013645	0.65097564	0.5726416	-0.13622307777404785	0.04033059705405154	0.9678295606947906
MA0669.1.NEUROG2	1	1.223598	0.260845	1.1132568	0.25353262	-1.8224771916866302	-1.3476392719957773	0.17777443293711825
MA0885.1.Dlx2	3	0.3913364	0.20698783	0.39629188	0.27701253	-0.30362793803215027	-0.09746174400160312	0.9223597134191095
MA0685.1.SP4	80	0.63943994	0.68018794	1.9091684	2.1650496	0.2966291904449463	0.39661492044339347	0.691651448189736
MA0794.1.PROX1	2	-0.3468893	-0.4921772	0.14371337	0.17204851	-0.11695276200771332	0.056192155184628036	0.9551887305459636
MA0160.1.NR4A2	3	0.023272686	0.34218317	0.15562399	0.36830583	0.5315923318266869	0.5900150479119972	0.5551805610342619
MA0037.3.GATA3	10	0.11761463	0.09789407	1.951754	0.5944687	-1.3770058155059814	-0.980968055266603	0.32660849487089005
MA0622.1.Mlxip	17	0.21264517	0.19593394	1.3667327	1.2109731	-0.1724708080291748	0.010494787017788965	0.991626525179734
MA1583.1.ZFP57	9	-3.422636	-1.7427683	1.8133882	1.3169137	1.1833932399749756	1.126517828640596	0.25994639846286727
MA1557.1.SMAD5	1	1.7852626	3.4775815	1.263044	1.7097158	2.1389907598495483	1.9130781421672267	0.05573804951005823
MA0056.2.MZF1	19	-1.7502431	-1.5690546	0.621168	0.73277086	0.29279130697250366	0.3934559264479304	0.6939827700404086
MA0746.2.SP3	131	1.3251696	1.584865	1.9595482	2.0402668	0.3404139280319214	0.43265450427217184	0.6652657864590743
MA0719.1.RHOXF1	3	0.3547533	0.79076433	0.58601636	1.1346246	0.9846192896366119	0.9629053270933005	0.33559503599452967
MA1516.1.KLF3	15	0.432827	-0.05841186	1.400746	1.5829667	-0.30901815742254257	-0.10189847867860478	0.9188372575170232
MA0860.1.Rarg(var.2)	5	0.20075835	0.19011217	0.19798979	0.39247248	0.18383650481700897	0.30377431723351295	0.761299834542203
MA1153.1.Smad4	2	-1.413084	-4.3515515	0.6315033	1.3185418	-2.25142902135849	-1.7007131117843162	0.08899687179010438
MA1636.1.CEBPG(var.2)	9	1.2506264	1.292615	1.4269836	1.133448	-0.2515469789505005	-0.05459347085099163	0.9564623405090152
MA0876.1.BSX	3	9.007895	7.5934567	2.6587117	2.2233646	-1.8497858047485352	-1.3701172198820053	0.1706503132949866
MA1564.1.SP9	44	1.1721538	0.89753944	2.3262722	2.1031663	-0.49772030115127563	-0.25722079194067904	0.7970083342223309
MA0065.2.Pparg::Rxra	25	0.33809924	0.3616084	0.36516976	0.56700605	0.2253454327583313	0.3379406631026046	0.7354079036263208
MA0161.2.NFIC	9	1.2204504	0.84662426	1.0597767	0.78280026	-0.6508025527000427	-0.3832240739389047	0.7015536296419442
MA0002.2.RUNX1	14	2.765728	2.4500914	1.5447432	1.4342903	-0.4260895252227783	-0.198260900981701	0.8428409409328648
MA1111.1.NR2F2	2	-0.14130583	-0.9996761	0.46707052	0.3735446	-0.9518961906433105	-0.6310567664019571	0.5280034081870462
MA0135.1.Lhx3	2	0.06734671	0.16264224	0.24712247	0.10587423	-0.045952700078487396	0.11463290017399574	0.9087361010298651
MA0152.1.NFATC2	8	1.8028728	0.79797184	1.07835	0.65361357	-1.4296373128890991	-1.0242894810991803	0.3056985648350352
MA1118.1.SIX1	4	1.9486694	0.24519306	1.2655394	0.2526852	-2.716330587863922	-2.0833774807307015	0.03721682927072466
MA0875.1.BARX1	1	0.60102344	0.35985652	0.5094299	0.4613396	-0.2892571985721588	-0.08563306812062758	0.9317581104430451
MA1650.1.ZBTB14	62	-0.39466602	-0.16313967	1.4459834	1.3866415	0.17218443751335144	0.2941834031499339	0.7686177621813703
MA1520.1.MAF	9	1.2402635	0.91917074	1.2781612	1.1366543	-0.46259963512420654	-0.22831267790000903	0.8194031692809303
MA0671.1.NFIX	13	0.8480188	0.7793621	0.6585316	0.7294946	0.002306222915649414	0.15435522344426547	0.8773296569828024
MA1571.1.TGIF2LX	6	0.105617024	0.075332485	0.2426176	0.4859518	0.21304966509342194	0.3278199138662199	0.7430478295363339
MA0114.4.HNF4A	4	-0.3325039	-0.13503765	0.12481936	0.29847443	0.3711213394999504	0.4579300315622117	0.647002710184176
MA0608.1.Creb3l2	18	1.1195062	1.2004247	1.5566827	1.5639023	0.08813798427581787	0.22500406432327735	0.8219761124579305
MA0855.1.RXRB	1	-0.3992477	-1.4410009	0.17286362	0.3792061	-0.8354107588529587	-0.5351766329307756	0.592527722816627
MA1553.1.RARG(var.3)	5	-0.033918455	0.053287525	0.10140436	0.2600355	0.24583713337779045	0.3548075533243909	0.7227337693420368
MA1645.1.NKX2-2	4	0.51682943	0.84627426	0.83329767	1.1774511	0.6735982894897461	0.706901339744113	0.4796277913580663
MA0463.2.BCL6	4	0.9414733	0.4473157	1.0224186	0.5050409	-1.0115353465080261	-0.6801462545596613	0.49641185919969266
MA1535.1.NR2C1	23	0.39658552	0.61723566	0.6550395	1.1308336	0.6964442729949951	0.725706059906082	0.468018986046167
MA1494.1.HNF4A(var.2)	7	1.1669466	1.2589283	0.930328	1.023317	0.18497061729431152	0.3047078147020274	0.7605886972187393
MA0018.4.CREB1	18	1.1073236	0.9170363	1.256046	1.3113353	-0.13499808311462402	0.0413389004070273	0.967025721521876
MA0528.2.ZNF263	111	1.9274986	1.6887834	1.1956687	1.0168343	-0.41754961013793945	-0.19123162542696395	0.8483441272953473
MA0136.2.ELF5	25	-0.6540173	-0.520809	2.499288	1.6364512	-0.7296285033226013	-0.4481063733863252	0.6540764285801502
MA0638.1.CREB3	17	1.1917864	1.29456	1.0559851	1.0137796	0.06056809425354004	0.20231105718501696	0.8396735563213439
MA0602.1.Arid5a	1	0.42017192	0.16511525	0.5492563	0.25889972	-0.5454132705926895	-0.2964772741067047	0.7668656198871043
MA0896.1.Hmx1	6	0.7247766	0.82919955	0.7030702	0.769515	0.1708676815032959	0.2930995702615404	0.7694460452360044
MA1104.2.GATA6	8	-0.27191898	0.37588125	2.8657138	0.6704911	-1.5474224984645844	-1.1212394527851743	0.26218595036131687
MA0712.2.OTX2	3	1.540955	0.72193104	0.83964825	1.1231114	-0.5355607867240906	-0.28836761220456997	0.7730653569195133
MA1573.1.THAP11	11	-1.1050266	-0.7498403	1.6988188	1.670583	0.3269504904747009	0.4215726361782242	0.673336982911295
MA1627.1.Wt1	85	1.65967	1.4657142	1.4310323	1.1811669	-0.4438211917877197	-0.2128559840816452	0.8314392951932746
MA1500.1.HOXB6	5	0.08233125	-0.18584844	0.22279513	0.21725564	-0.2737191841006279	-0.07284359841175597	0.9419305765732421
MA1099.2.HES1	8	1.2052803	1.5174854	1.7073122	1.604797	0.20968985557556152	0.3250544265425348	0.745139879891609
MA0146.2.Zfx	34	-0.40491498	-0.42883858	1.8106601	1.855185	0.0206013023853302	0.16941405641984242	0.8654709678894046
MA1533.1.NR1I2	3	0.13040633	0.6091274	1.6502827	0.8270619	-0.34449978172779083	-0.13110370049796793	0.8956932738581689
MA0154.4.EBF1	19	0.20860523	0.2932628	0.3282672	0.60522014	0.3616105318069458	0.4501016061788107	0.652637178716819
MA1483.1.ELF2	1	1.1445049	0.3546993	0.7888936	0.25734213	-1.3213570415973663	-0.9351630838821251	0.34970426012322486
MA0737.1.GLIS3	5	0.15145214	0.2997549	0.19452344	0.48303878	0.43681809306144714	0.5120055790644648	0.6086471049627917
MA0512.2.Rxra	6	0.31112394	0.30402482	0.57810074	0.6308828	0.045682936906814575	0.19005895963764122	0.8492629293130438
MA1523.1.MSANTD3	9	0.37898207	0.38870126	0.78353226	0.82468677	0.05087369680404663	0.19433151753706335	0.8459163085893056
MA0028.2.ELK1	37	-0.6242596	-0.44611302	3.1170874	1.9469557	-0.9919851124286652	-0.6640542933237221	0.506655562326009
MA0696.1.ZIC1	48	0.56037045	0.59402454	1.3755075	1.3478369	0.005983471870422363	0.15738199782430085	0.8749438003036832
MA0839.1.CREB3L1	6	0.79210925	1.3719051	1.108761	1.4247187	0.8957536220550537	0.8897592526205681	0.3735951703850027
MA1152.1.SOX15	3	0.69302905	0.8059641	0.63753146	0.69966996	0.1750735640525818	0.29656146737598316	0.7668013326090171
MA0792.1.POU5F1B	2	1.3857771	1.4947674	0.6420658	0.7934777	0.26040220260620117	0.3667961836635943	0.7137710545338058
MA1112.2.NR4A1	4	-0.034308456	0.28766	0.22015677	0.35841927	0.4602309539914131	0.5312769007774456	0.5952269099704943
MA1569.1.TFAP2E	34	0.19850238	0.40009317	1.0947939	0.8869023	-0.0063008517026901245	0.14727066831562005	0.882918383305125
MA0650.2.HOXA13	7	3.7695198	3.9845827	2.797284	2.7163174	0.13409638404846191	0.2628328076828226	0.7926794474053411
MA1122.1.TFDP1	37	1.4682016	2.141558	1.7830327	2.1880615	1.0783851146697998	1.0400847621611813	0.2983005224053684
MA0645.1.ETV6	11	0.9655491	0.627641	1.2445682	1.0513144	-0.5311619639396667	-0.2847469043683686	0.775838052987065
MA0466.2.CEBPB	10	2.2027035	2.1680155	1.5541646	1.410829	-0.17802369594573975	0.005924158515943499	0.9952732330325591
MA1487.1.FOXE1	9	0.18023515	0.4082265	1.4342204	1.0275308	-0.17869830131530762	0.005368885192229035	0.995716269976109
MA0493.1.Klf1	62	0.9327521	1.3535801	1.6241468	2.0033705	0.800051748752594	0.8109862400244818	0.41737357276583975
MA1624.1.Stat5a	8	0.75302047	0.8785584	1.8055366	1.2419925	-0.4380062222480774	-0.20806963400316317	0.8351745968167168
MA0115.1.NR1H2::RXRA	3	0.4629725	0.599916	0.7334131	0.82998705	0.23351743817329407	0.34466710912998455	0.7303446477234002
MA1129.1.FOSL1::JUN(var.2)	18	0.9803398	0.51253724	2.1245348	1.8642471	-0.7280903458595276	-0.4468403031096177	0.6549903691174777
MA1621.1.Rbpjl	12	0.19444704	0.23693725	0.24457732	0.4491209	0.24703380465507507	0.3557925434645629	0.7219959336347366
MA0066.1.PPARG	1	0.0057099247	0.07077797	0.09373502	0.26092854	0.232261567376554	0.34363339137006144	0.731122009593383
MA0672.1.NKX2-3	4	0.25581962	0.48423138	0.44478506	0.691241	0.47486773133277893	0.5433245546643616	0.5869063608530842
MA0656.1.JDP2(var.2)	1	-4.4835367	-4.4080267	2.860504	2.1804764	-0.6045174598693848	-0.34512642679006106	0.7299993269407169
MA0503.1.Nkx2-5(var.2)	4	1.3272507	0.19096324	2.5582354	2.2474573	-1.4470656216144562	-1.0386348678233475	0.29897458313096326
MA1568.1.TCF21(var.2)	2	0.19865295	0.27856088	0.63451225	1.338007	0.7834026515483856	0.7972822288225729	0.4252871389657231
MA0858.1.Rarb(var.2)	3	-0.52082396	0.3068337	3.2014384	1.4227271	-0.951053649187088	-0.6303632634802955	0.5284569405032139
MA0750.2.ZBTB7A	55	1.0941112	0.6629684	2.588969	1.8516641	-1.168447732925415	-0.809302152612717	0.41834136835621283
MA0496.3.MAFK	14	-0.46592838	-0.649354	0.5350493	0.8370865	0.11861157417297363	0.25008713112208497	0.8025199677143293
MA0640.2.ELF3	28	0.5028391	0.33210775	1.3607997	0.92490196	-0.6066290438175201	-0.3468644892041422	0.7286931257818192
MA0485.2.HOXC9	2	0.5282841	0.85802484	0.41216713	0.613451	0.5310246348381042	0.5895477717711107	0.5554938756903997
MA0148.4.FOXA1	3	0.54874545	0.50588226	1.1868601	0.754813	-0.47491025924682617	-0.23844565561103026	0.811535460322963
MA0090.3.TEAD1	6	1.0644232	1.7078438	0.66572493	0.9648	0.9424956440925598	0.9282330020224242	0.3532867189479648
MA1419.1.IRF4	3	0.12218262	0.3150018	0.12900007	0.63208044	0.6958995312452316	0.7252576784143203	0.46829396404392554
MA1467.1.ATOH1(var.2)	4	0.32702866	0.12148237	0.8770965	1.019914	-0.06272873282432556	0.10082440726577696	0.9196898513694912
MA0098.3.ETS1	3	0.7940847	0.49243772	1.6620299	1.135633	-0.8280438780784607	-0.5291128917309627	0.596727138927549
MA0829.2.SREBF1(var.2)	6	0.6145172	1.0248774	1.7609092	1.6167396	0.26619064807891846	0.37156070156067916	0.7102199530755152
MA0004.1.Arnt	68	0.5305181	0.7690573	1.5100468	1.3717662	0.10025852918624878	0.23498058624446597	0.8142238013262335
MA1115.1.POU5F1	8	2.7865696	1.7164336	1.6905521	1.0543239	-1.7063641548156738	-1.2520656598983575	0.21054593944237066
MA0665.1.MSC	9	-0.56725544	-0.436418	1.629899	1.6881219	0.18906033039093018	0.30807409176805883	0.7580259548653372
MA0742.1.Klf12	45	1.1201296	1.6896863	1.8315834	2.3237693	1.0617426633834839	1.026386221269892	0.30470957018691314
MA0605.2.ATF3	22	0.56308836	0.2715723	1.3351635	1.369541	-0.2571384906768799	-0.05919589093383789	0.952796082465003
MA0159.1.RARA::RXRA	13	2.018351	1.8242371	1.2966812	1.1318887	-0.3589063882827759	-0.14296189888491143	0.8863202723223278
MA0844.1.XBP1	11	1.0466223	1.7805499	1.8121446	1.6239171	0.5457000732421875	0.6016272479022037	0.5474222871485094
MA1581.1.ZBTB6	12	-0.7691716	-0.5214678	0.7768966	0.697343	0.1681501865386963	0.29086277742050926	0.7711562703821024
MA0694.1.ZBTB7B	20	1.4098089	0.816538	0.8022843	0.8414334	-0.5541217923164368	-0.303645331196559	0.7613981118324884
MA0646.1.GCM1	14	0.117627315	0.1318843	0.7922097	0.8152436	0.03729090839624405	0.18315141075946373	0.8546792179892231
MA1558.1.SNAI1	9	0.2339655	0.22908846	1.1580464	0.6721014	-0.49082203209400177	-0.2515427689659097	0.8013945000169838
MA0489.1.JUN(var.2)	12	-0.18951559	-0.7710402	0.7441532	0.95741683	-0.3682609796524048	-0.15066174130557258	0.8802425546733127
MA0910.2.HOXD8	3	0.25002077	0.2047919	0.19034202	0.22853453	-0.007036358118057251	0.1466652668315853	0.8833962351271081
MA0076.2.ELK4	49	1.5626217	0.8480114	2.7091436	1.7332345	-1.6905194520950317	-1.2390237525257637	0.21533670184449216
MA1536.1.NR2C2(var.2)	3	1.7808189	1.8140588	2.2300034	1.9499503	-0.24681317806243896	-0.05069703973512286	0.959566935566923
MA0788.1.POU3F3	2	0.059845492	0.20327823	0.1356666	0.32337323	0.33113937079906464	0.425020538619086	0.6708217024863437
MA0765.2.ETV5	9	1.9065058	1.5247886	1.601398	1.3757904	-0.6073248386383057	-0.34743720374243353	0.7282628875060817
MA0872.1.TFAP2A(var.3)	8	1.2805288	0.9573558	1.5492816	1.2444023	-0.628052294254303	-0.36449814587429263	0.7154860580929249
MA0682.2.PITX1	3	0.77736783	0.22317082	0.8513658	0.912904	-0.492658793926239	-0.25305462299712145	0.8002260034055362
MA1594.1.ZNF382	6	-2.1888409	-2.5848222	1.9174278	2.5968544	0.2834453582763672	0.385763197884129	0.6996720533880203
MA1117.1.RELB	8	0.15777464	0.11241722	0.28398305	0.3616735	0.03233303129673004	0.1790705406392356	0.8578823132583463
MA0778.1.NFKB2	11	-0.7921262	-1.3598031	0.48997715	0.6007381	-0.456915944814682	-0.22363438485417247	0.8230418059613634
MA0057.1.MZF1(var.2)	35	2.063605	1.7552624	1.5240103	1.3014264	-0.5309265851974487	-0.28455316215637455	0.7759864994384481
MA0505.1.Nr5a2	10	0.08095142	0.13678658	0.2970452	0.5930927	0.3518826365470886	0.44209449420289026	0.6584208283978611
MA0732.1.EGR3	58	1.023246	0.98486733	1.5409102	1.2668083	-0.3124806880950928	-0.10474851664412203	0.9165753629742764
MA0109.1.HLTF	3	0.45023307	0.3116839	1.9547664	0.80531937	-1.2879962027072906	-0.9077034982813446	0.3640348951926011
MA0631.1.Six3	1	0.0036566248	-0.0015470684	0.09882063	0.25302508	0.14900076482445002	0.27510072819565545	0.7832388521395148
MA0798.2.RFX3	1	0.005016196	-0.20035802	0.06365085	0.28679305	0.017767992336302996	0.16708193521386283	0.867305579816673
MA0099.3.FOS::JUN	12	-0.4643234	-1.1238002	0.6701534	0.86188763	-0.4677425026893616	-0.23254581522021184	0.8161141069349607
MA1100.2.ASCL1	5	-1.1096542	-0.6633792	2.293007	2.2843997	0.4376678466796875	0.5127050183770231	0.6081576787609472
MA0024.3.E2F1	6	-0.1429518	0.82034314	2.1299448	2.1036916	0.9370417147874832	0.9237438271816228	0.355619707680519
MA1534.1.NR1I3	3	0.13088518	0.1519509	0.24172622	0.5236816	0.30302107334136963	0.4018761327325339	0.6877751886363948
MA0524.2.TFAP2C	50	-0.28260645	0.08343506	1.3817596	1.1091458	0.0934276282787323	0.22935801455739135	0.8185906659051041
MA0150.2.Nfe2l2	9	0.3086801	0.31211543	1.2266247	0.94354683	-0.2796425521373749	-0.07771917220011078	0.9380514430237388
MA1637.1.EBF3	3	1.1743753	0.50716263	0.80027443	0.52022195	-0.9472651481628418	-0.6272449165910966	0.5304987044800766
MA1521.1.MAFA	3	0.058200214	0.09244903	0.37810645	0.6596503	0.3157926984131336	0.4123885641817175	0.6800546438032538
MA1646.1.OSR2	14	0.42829156	0.24430776	1.0874137	1.0199448	-0.2514526844024658	-0.054515856219597716	0.9565241759389284
MA1512.1.KLF11	8	-0.1039616	-0.24553767	2.0996482	2.420209	0.1789846271276474	0.29978069611461555	0.7643444407831739
MA1105.2.GRHL2	3	0.8120886	0.5628642	0.61340183	0.54374	-0.31888628005981445	-0.1100210129820745	0.9123927101283346
MA1630.1.Znf281	71	1.4178878	1.5888233	1.0381879	1.0355982	0.16834580898284912	0.29102379589094846	0.7710331203075469
MA1472.1.BHLHA15(var.2)	2	-0.24599272	-0.1307129	0.6484808	1.3150208	0.7818198502063751	0.7959794117956037	0.42604400209658555
MA0153.2.HNF1B	1	0.60238713	0.72707546	0.78276503	0.8757839	0.21770721673965454	0.33165358359320707	0.740150853526989
MA0514.1.Sox3	16	0.25270686	0.72583055	0.33855447	0.6617909	0.7963601350784302	0.8079476419237347	0.4191207236734812
MA1642.1.NEUROG2(var.2)	11	0.56598604	0.76509213	0.435072	0.6377934	0.40182751417160034	0.4832045408348044	0.6289505114947522
MA0768.1.LEF1	5	2.425321	2.398168	2.4258025	2.6290233	0.17606782913208008	0.29737985528134464	0.7661765215670336
MA0062.3.GABPA	37	0.97227174	0.47855133	2.0262134	1.2730645	-1.2468693256378174	-0.8738516216812651	0.3821990637274201
MA0790.1.POU4F1	1	0.3276838	0.3159855	0.5665895	0.30637705	-0.27191072702407837	-0.07135504226175994	0.9431151894356419
MA0734.2.GLI2	30	1.3909705	1.311085	1.0955961	1.1391649	-0.036316633224487305	0.12256442742078132	0.9024520248094099
MA1554.1.RFX7	11	0.8203677	0.5091324	2.1750455	1.6656884	-0.8205924034118652	-0.5229795205908174	0.6009885048512262
MA0739.1.Hic1	11	0.3966136	0.72016764	0.5363198	0.8234807	0.6107149720191956	0.6551415550266694	0.5123766193887707
MA0845.1.FOXB1	18	0.8891033	0.60847735	0.55900294	0.34810603	-0.4915228486061096	-0.25211961690034196	0.8009486075372624
MA1474.1.CREB3L4	27	0.4285542	0.6006874	1.2721546	1.2473688	0.14734742045402527	0.2737398466118068	0.7842845537336522
MA0482.2.GATA4	11	0.72220993	0.38870436	3.238084	0.8658681	-2.7057215571403503	-2.0746450987826597	0.03801943908794205
MA0781.1.PAX9	4	0.3915477	0.12892948	0.62010115	0.48715907	-0.3955603092908859	-0.17313204792831158	0.8625476347117197
MA1126.1.FOS::JUN(var.2)	10	2.1245167	1.5075263	1.75764	1.4037026	-0.9709278345108032	-0.6467218716957706	0.5178119650397097
MA0465.2.CDX2	6	-0.26737472	-0.06494224	0.3867246	0.3945366	0.21024450659751892	0.3255109644391442	0.744794385663984
MA0141.3.ESRRB	4	2.450152	5.1587477	1.3880255	2.6993794	4.019949674606323	3.4613111617715373	0.0005375510995087636
MA0144.2.STAT3	8	-0.20789021	-0.10477038	0.54073805	0.36570412	-0.07191409170627594	0.0932638615215919	0.9256939412394337
MA0516.2.SP2	101	1.1556195	1.2545624	1.6863453	1.6661452	0.07874274253845215	0.21727076224483452	0.8279973411972761
MA0067.1.Pax2	2	0.07120776	-0.14822364	0.17454682	0.47537574	0.08139751851558685	0.21945593056255064	0.8262949054106574
MA0673.1.NKX2-8	6	0.32949764	0.28457123	0.4165516	0.6493884	0.18791037797927856	0.3071275563170584	0.7587462837592874
MA1517.1.KLF6	6	-0.25916976	-0.14324231	1.5973139	1.089495	-0.3918914943933487	-0.1701122156913497	0.8649218868047103
MA0499.2.MYOD1	17	-0.4684155	-0.018787235	1.5215719	1.1307179	0.05877426266670227	0.2008345393979655	0.8408279545945032
MA0471.2.E2F6	67	2.1396506	2.148404	1.7768914	1.7915761	0.023438096046447754	0.17174904501607888	0.8636348263115633
MA0751.1.ZIC4	18	0.07104848	0.5148843	1.0544658	0.98415965	0.37352968752384186	0.45991236296989674	0.6455791259270388
MA0776.1.MYBL1	3	-2.3183603	-1.5716466	2.708535	1.7461993	-0.2156219482421875	-0.025023277511547412	0.9800363966509333
MA1649.1.ZBTB12	8	-2.906576	-1.1468625	1.4616617	1.0267948	1.3248465061187744	1.2429491954591663	0.2138865555067574
MA0259.1.ARNT::HIF1A	11	0.35346103	0.64240265	1.1504217	1.0003287	0.13884854316711426	0.2667443496118831	0.7896660046117793
MA0831.2.TFE3	22	0.9669635	1.4423504	2.2055757	2.3143208	0.5841319561004639	0.6332608522196284	0.5265633133456425
MA0147.3.MYC	15	0.3707594	0.2028481	1.4760514	1.2231205	-0.4208422899246216	-0.19394185770728156	0.8462214081774161
MA1565.1.TBX18	12	2.4377437	1.5598018	1.5181075	1.6414342	-0.7546151876449585	-0.46867312230083036	0.6393033015817787
MA0009.2.TBXT	5	0.79163253	0.5747533	0.4945972	0.48811042	-0.22336602210998535	-0.031397489502206374	0.9749525432527582
MA0130.1.ZNF354C	31	1.5514188	1.9281714	0.7565492	0.89734954	0.5175529718399048	0.5784591332478759	0.5629541805765392
MA1137.1.FOSL1::JUNB	1	-0.018955406	-0.030177163	0.18907358	0.15410778	-0.04618755541741848	0.11443958877962619	0.9088893328135668
MA0641.1.ELF4	19	-0.5438404	-0.5643398	2.975983	1.7726781	-1.2238041758537292	-0.8548665039215493	0.39262505606249753
MA0758.1.E2F7	7	0.3500308	0.6676439	0.63248587	0.733536	0.41866323351860046	0.49706216228380196	0.6191452161269151
MA0494.1.Nr1h3::Rxra	7	0.42065096	0.34733048	0.793765	0.9924809	0.12539538741111755	0.2556709445545445	0.7982049325180549
MA1656.1.ZNF449	33	-0.0011910647	0.0651914	1.1499705	1.1772257	0.09363764524459839	0.22953088127908317	0.8184563214353038
MA1522.1.MAZ	140	2.4603415	2.0005226	1.8646079	1.4829235	-0.8415032625198364	-0.5401914236713485	0.5890650265993957
MA1148.1.PPARA::RXRA	6	0.5837918	0.5216543	0.8201438	0.6960775	-0.18620377779006958	-0.000808935288019165	0.999354563093394
MA1532.1.NR1D2	2	0.013058312	-0.030223338	0.53742206	0.49650443	-0.08419928513467312	0.08315181602774871	0.9337308252318015
MA0703.2.LMX1B	2	0.4890895	1.051012	0.22720075	0.6217809	0.9565026760101318	0.939762307182309	0.34733949706705136
MA0793.1.POU6F2	9	0.19226882	0.4280042	0.19496103	0.4012397	0.44201405346393585	0.5162824175432732	0.605657174517608
MA0025.2.NFIL3	8	0.6395619	0.8395686	0.47176296	0.53680855	0.26505231857299805	0.370623733020628	0.710917802674587
MA1140.2.JUNB(var.2)	2	0.7833848	1.5644307	0.8835709	1.2458324	1.1433074474334717	1.093522877425625	0.2741642900166965
MA1638.1.HAND2	10	0.4534518	0.46104866	0.4802059	0.69355065	0.22094160318374634	0.33431583413553273	0.738141243251986
MA0124.2.Nkx3-1	4	0.01950476	0.09228161	0.4805509	0.66488427	0.25711023434996605	0.3640865370499406	0.7157933897956119
MA0119.1.NFIC::TLX1	14	0.9220381	0.6058078	0.88914603	0.7350021	-0.4703742265701294	-0.23471200916454518	0.8144322661261296
MA0811.1.TFAP2B	1	3.8139343	1.4368099	3.6899529	1.9092124	-4.157864928245544	-3.2699164567619476	0.0010757925142096544
MA1550.1.PPARD	7	0.3329752	0.7553313	0.32535952	0.5755604	0.6725569367408752	0.7060441935841363	0.48016065480779047
MA1102.2.CTCFL	76	1.3781979	1.3866546	1.7326006	1.8725569	0.1484130620956421	0.2746169851626134	0.7836105156060814
MA1579.1.ZBTB26	12	0.25354147	-0.053799693	0.4759663	0.6469711	-0.13633636012673378	0.040237353401789466	0.9679038980235604
MA1647.1.PRDM4	7	-3.785042	-0.60349154	1.1788206	0.5447813	2.5475112199783325	2.249334750747705	0.02449120648687995
MA0078.1.Sox17	7	0.22875336	0.56841326	0.3206901	0.76091963	0.7798894345760345	0.7943904705396273	0.42696815012250444
MA0747.1.SP8	152	0.7652572	1.0817521	1.4911894	1.6256524	0.4509579539299011	0.5236442168451215	0.6005260212248569
MA0492.1.JUND(var.2)	16	1.4295337	1.0290418	1.1670905	1.143119	-0.42446351051330566	-0.19692251467043304	0.8438881744872325
MA0867.2.SOX4	14	0.5077128	0.6552416	0.39219055	0.6584018	0.4137400686740875	0.4930098641110821	0.6220056175533292
MA0859.1.Rarg	6	0.6056363	0.47853935	0.49710593	0.66815835	0.043955475091934204	0.1886370713651644	0.8503772756501449
MA0502.2.NFYB	48	6.0404673	6.1578703	4.562129	4.2948	-0.14992618560791016	0.02905145435022087	0.9768235532542302
MA0743.2.SCRT1	6	3.2036314	2.2510495	3.5205865	2.5274355	-1.945732831954956	-1.4490920207074995	0.1473118860696383
MA0913.2.HOXD9	8	-0.13138005	-0.12655428	0.24981666	0.2541888	0.009197920560836792	0.16002783743476728	0.8728591456963277
MA0772.1.IRF7	3	0.4722571	0.67443603	0.50461847	0.6940408	0.39160123467445374	0.47478720462348567	0.63493865399101
MA0635.1.BARHL2	3	-0.19336013	-0.13321455	0.78343034	0.26637128	-0.45691347122192383	-0.22363234881927813	0.8230433903631956
MA0683.1.POU4F2	1	0.25576615	0.22304153	0.5728327	0.30815354	-0.2974037826061249	-0.09233858959662351	0.9264290292582301
MA1110.1.NR1H4	8	0.708733	0.29906425	0.68165815	0.76244414	-0.32888278365135193	-0.11824921872308758	0.9058701925877982
MA0836.2.CEBPD	6	0.93005615	1.3730552	0.61038744	0.95762277	0.790234386920929	0.8029054873647926	0.4220293641514208
MA1618.1.Ptf1a	7	0.03353185	0.09033705	0.43522757	0.47895455	0.10053218528628349	0.2352058348699229	0.8140489774526076
MA0804.1.TBX19	2	-1.3203799	-0.47824466	0.5387898	0.5903559	0.8937012553215027	0.8880699323912467	0.3745031351219167
MA0043.3.HLF	9	0.45976973	0.6000257	0.4964432	0.5791973	0.22301006317138672	0.33601840085693785	0.7368569905550859
MA0862.1.GMEB2	2	4.424685	5.991687	2.5114768	2.1116717	1.1671967506408691	1.1131863627632697	0.26562839836995744
MA0473.3.ELF1	38	0.6238376	0.2918794	2.003866	1.2105348	-1.1252893507480621	-0.773778127161943	0.43906200936960704
MA1620.1.Ptf1a(var.3)	10	0.48785973	0.21693654	0.84073704	0.5939918	-0.5176684111356735	-0.2736402481628458	0.784361100518286
MA0464.2.BHLHE40	12	2.3713665	1.9517674	2.035412	2.0624566	-0.39255452156066895	-0.1706579588999262	0.8644927217244125
MA0038.2.GFI1	11	2.8146434	3.120493	2.8463662	2.373304	-0.16721272468566895	0.014822759409094428	0.9881735821925549
MA0907.1.HOXC13	2	0.44044286	0.75182176	0.32994583	0.6950347	0.6764677464962006	0.709263213813171	0.47816115193473496
MA0591.1.Bach1::Mafk	11	0.10212212	0.12654215	0.9418982	1.0570092	0.13953102380037308	0.26730610513102926	0.7892334865291479
MA1478.1.DMRTA2	3	-16.74238	-18.719212	6.6889753	8.193414	-0.4723930358886719	-0.2363737080048181	0.8131426961688043
MA0693.2.VDR	2	-0.47862172	-0.3630901	0.62885094	0.40232238	-0.11099693179130554	0.061094448864653456	0.9512839900586599
MA1538.1.NR2F1(var.3)	2	0.048835166	-0.7946282	0.3903599	1.0836146	-0.15020868927240372	0.02881892322043556	0.9770090086001275
MA0852.2.FOXK1	3	1.300734	1.1900786	1.169361	0.7335657	-0.5464507341384888	-0.29733121903109444	0.7662136494270755
MA1628.1.Zic1::Zic2	43	-0.31240064	-0.36287567	1.3339558	1.3843255	-0.00010529160499572754	0.15237028566661026	0.8788948920058475
MA0621.1.mix-a	7	0.42075425	0.70530266	0.2351741	0.4915556	0.5409298986196518	0.5977008772611717	0.5500395400064987
MA1127.1.FOSB::JUN	20	1.706387	1.1521157	2.2008684	2.0347395	-0.7204002141952515	-0.4405104913979799	0.6595674153734419
MA0495.3.MAFF	2	-0.14427996	-0.54630566	0.51906836	0.9930017	0.071907639503479	0.2116447317514936	0.8323842088631788
MA0713.1.PHOX2A	3	1.8487611	0.5124059	1.8208705	0.7288047	-2.4284210205078125	-1.8463967070712408	0.06483462500847942
MA0767.1.GCM2	11	0.12493253	-0.07058859	0.5717141	0.6833823	-0.08385294675827026	0.08343689004297375	0.9335041567497627
MA1484.1.ETS2	25	-3.5217533	-2.076881	3.1689835	2.0076957	0.2835845947265625	0.3858778045711936	0.6995871693495948
MA0642.1.EN2	4	2.5362732	2.8315268	2.2835503	2.028439	0.04014229774475098	0.18549841318810387	0.8528381247614742
MA0863.1.MTF1	12	1.406337	0.09471084	1.1902715	0.82892805	-1.6729696244001389	-1.2245783425210945	0.22073413204918957
MA0828.1.SREBF2(var.2)	1	0.3883917	1.9672289	0.124582455	0.74675053	2.2010052651166916	1.9641228002912092	0.049515852698862176
MA0764.2.ETV4	25	1.362283	0.7888502	1.0984589	0.8436178	-0.8282738924026489	-0.5293022184455954	0.5965958169042886
MA0599.1.KLF5	194	1.242431	1.3930519	2.0078123	1.9113567	0.05416524410247803	0.1970408176568269	0.8437955960020421
MA1124.1.ZNF24	9	2.2199795	1.7153356	1.5301262	1.4104247	-0.6243454217910767	-0.361446988136607	0.7177653273107327
MA0856.1.RXRG	1	-0.041952144	-0.056474023	0.08898977	0.12223174	0.01872008666396141	0.1678656120205672	0.8666890038182131
MA0607.1.Bhlha15	6	1.1652858	1.8142898	0.78256196	1.0141603	0.8806023001670837	0.8772880728124531	0.3803301889157543
MA0626.1.Npas2	6	2.5291395	0.40233558	1.9130919	0.5626327	-3.4772631525993347	-2.709707441036028	0.006734257916369807
MA0763.1.ETV3	1	2.1774116	-1.157069	5.6976614	4.245559	-4.786582708358765	-3.787419321682036	0.00015222008789185542
MA0074.1.RXRA::VDR	3	-0.035267577	-0.021948233	0.34494022	0.78972185	0.45810097455978394	0.5295236968869965	0.5964422102931979
MA0883.1.Dmbx1	2	0.5258915	0.6829703	0.73356354	0.73840433	0.16191959381103516	0.2857343244186962	0.7750816131229739
MA1607.1.Foxl2	2	-0.07952739	-0.17908046	0.24519762	0.50089896	0.1561482697725296	0.2809838993173559	0.7787227490415224
MA0870.1.Sox1	3	-0.6064862	-0.43062276	0.52542293	0.42390046	0.07434096932411194	0.21364762588508443	0.8308218566877232
MA0527.1.ZBTB33	8	3.115049	2.7081802	2.7777102	2.8203907	-0.36418819427490234	-0.14730939758676986	0.8828878152001285
MA1640.1.MEIS2(var.2)	4	0.76594526	1.6501627	0.3530613	0.7592879	1.2904440462589264	1.214632242923541	0.22450638565217884
MA1643.1.NFIB	11	2.2195582	1.035603	1.7275513	0.92255354	-1.9889529943466187	-1.48466689796955	0.1376320845748744
MA1108.2.MXI1	7	0.24589176	0.21873827	0.8089681	0.61891973	-0.21720188856124878	-0.026323739606590645	0.978999120002377
MA0782.2.PKNOX1	5	-4.9519134	-2.6706662	2.0369432	1.5212893	1.7655932903289795	1.6057315610096083	0.10833290360918044
MA0832.1.Tcf21	11	-0.5880023	0.18792927	3.02486	2.5694559	0.3205275535583496	0.41628586306547044	0.6772008359849935
MA0873.1.HOXD12	2	0.8190717	0.7633268	1.3386401	1.1735228	-0.22086215019226074	-0.02933653157831547	0.9765961914457237
MA1514.1.KLF17	44	1.0996847	1.0673554	1.0721216	0.9910285	-0.1134224534034729	0.05909798173277728	0.9528740661779345
MA0735.1.GLIS1	14	0.26313514	0.5419203	0.812727	0.95183736	0.4178955554962158	0.4964302800808703	0.6195908658279401
MA0820.1.FIGLA	6	0.1063236	0.13486914	1.4742857	0.82867783	-0.6170623451471329	-0.3554522268177927	0.7222508285851124
MA0789.1.POU3F4	6	1.8812187	1.5333439	1.0471946	0.85773194	-0.5373374223709106	-0.28982997586952464	0.7719463142229783
